숭실대입구(살피재),장암,5,5:43:10,5:43:15
숭실대입구(살피재),장암,9,5:55:30,5:55:39
숭실대입구(살피재),장암,4,6:5:20,6:5:16
숭실대입구(살피재),도봉산,18,6:13:20,6:13:38
숭실대입구(살피재),장암,2,6:21:20,6:21:18
숭실대입구(살피재),도봉산,11,6:28:20,6:28:9
숭실대입구(살피재),장암,6,6:35:20,6:35:14
숭실대입구(살피재),도봉산,12,6:41:20,6:41:32
숭실대입구(살피재),장암,12,6:47:20,6:47:8
숭실대입구(살피재),도봉산,49,6:53:20,6:54:9
숭실대입구(살피재),장암,20,6:59:20,6:59:0
숭실대입구(살피재),도봉산,4,7:4:20,7:4:16
숭실대입구(살피재),장암,4,7:9:20,7:9:24
숭실대입구(살피재),도봉산,17,7:14:20,7:14:37
숭실대입구(살피재),장암,17,7:19:20,7:19:3
숭실대입구(살피재),도봉산,6,7:23:40,7:23:34
숭실대입구(살피재),장암,5,7:27:40,7:27:45
숭실대입구(살피재),도봉산,20,7:31:40,7:32:0
숭실대입구(살피재),장암,5,7:35:40,7:35:35
숭실대입구(살피재),도봉산,1,7:39:40,7:39:39
숭실대입구(살피재),장암,19,7:43:40,7:43:59
숭실대입구(살피재),도봉산,7,7:47:40,7:47:47
숭실대입구(살피재),장암,65,7:51:40,7:52:45
숭실대입구(살피재),도봉산,17,7:55:40,7:55:57
숭실대입구(살피재),장암,16,7:59:40,7:59:56
숭실대입구(살피재),도봉산,48,8:3:40,8:4:28
숭실대입구(살피재),장암,66,8:6:40,8:7:46
숭실대입구(살피재),도봉산,79,8:9:40,8:10:59
숭실대입구(살피재),도봉산,113,8:12:40,8:14:33
숭실대입구(살피재),도봉산,113,8:15:40,8:17:33
숭실대입구(살피재),장암,119,8:18:40,8:20:39
숭실대입구(살피재),도봉산,124,8:21:40,8:23:44
숭실대입구(살피재),도봉산,121,8:24:40,8:26:41
숭실대입구(살피재),도봉산,126,8:27:40,8:29:46
숭실대입구(살피재),장암,135,8:30:40,8:32:55
숭실대입구(살피재),도봉산,143,8:33:40,8:36:3
숭실대입구(살피재),도봉산,114,8:36:40,8:38:34
숭실대입구(살피재),수락산,126,8:39:40,8:41:46
숭실대입구(살피재),장암,106,8:42:40,8:44:26
숭실대입구(살피재),도봉산,123,8:45:40,8:47:43
숭실대입구(살피재),도봉산,139,8:48:40,8:50:59
숭실대입구(살피재),도봉산,138,8:51:40,8:53:58
숭실대입구(살피재),장암,106,8:54:40,8:56:26
숭실대입구(살피재),도봉산,117,8:57:40,8:59:37
숭실대입구(살피재),도봉산,71,9:1:40,9:2:51
숭실대입구(살피재),도봉산,61,9:5:40,9:6:41
숭실대입구(살피재),장암,119,9:9:40,9:11:39
숭실대입구(살피재),도봉산,67,9:13:40,9:14:47
숭실대입구(살피재),도봉산,27,9:17:40,9:18:7
숭실대입구(살피재),장암,79,9:21:40,9:22:59
숭실대입구(살피재),도봉산,99,9:25:40,9:27:19
숭실대입구(살피재),도봉산,55,9:29:40,9:30:35
숭실대입구(살피재),장암,79,9:33:40,9:34:59
숭실대입구(살피재),도봉산,140,9:37:40,9:40:0
숭실대입구(살피재),도봉산,78,9:41:40,9:42:58
숭실대입구(살피재),도봉산,68,9:46:20,9:47:28
숭실대입구(살피재),장암,83,9:51:20,9:52:43
숭실대입구(살피재),도봉산,76,9:57:20,9:58:36
숭실대입구(살피재),장암,78,10:3:20,10:4:38
숭실대입구(살피재),도봉산,27,10:9:20,10:9:47
숭실대입구(살피재),도봉산,53,10:15:20,10:16:13
숭실대입구(살피재),장암,24,10:21:20,10:21:44
숭실대입구(살피재),도봉산,63,10:27:20,10:28:23
숭실대입구(살피재),도봉산,16,10:33:20,10:33:36
숭실대입구(살피재),장암,65,10:39:20,10:40:25
숭실대입구(살피재),도봉산,27,10:45:20,10:45:47
숭실대입구(살피재),도봉산,5,10:51:20,10:51:25
숭실대입구(살피재),장암,72,10:57:20,10:58:32
숭실대입구(살피재),도봉산,18,11:3:20,11:3:38
숭실대입구(살피재),도봉산,1,11:9:20,11:9:21
숭실대입구(살피재),장암,56,11:15:20,11:16:16
숭실대입구(살피재),도봉산,31,11:21:20,11:21:51
숭실대입구(살피재),장암,4,11:27:20,11:27:24
숭실대입구(살피재),도봉산,27,11:33:20,11:33:47
숭실대입구(살피재),도봉산,11,11:39:20,11:39:31
숭실대입구(살피재),장암,39,11:45:20,11:45:59
숭실대입구(살피재),도봉산,5,11:51:20,11:51:25
숭실대입구(살피재),장암,8,11:57:20,11:57:28
숭실대입구(살피재),도봉산,2,12:3:20,12:3:22
숭실대입구(살피재),장암,2,12:9:20,12:9:18
숭실대입구(살피재),도봉산,4,12:15:20,12:15:16
숭실대입구(살피재),도봉산,38,12:21:20,12:21:58
숭실대입구(살피재),장암,15,12:27:20,12:27:35
숭실대입구(살피재),도봉산,48,12:33:20,12:34:8
숭실대입구(살피재),도봉산,3,12:39:20,12:39:17
숭실대입구(살피재),장암,18,12:45:20,12:45:2
숭실대입구(살피재),도봉산,3,12:51:20,12:51:17
숭실대입구(살피재),도봉산,24,12:57:20,12:57:44
숭실대입구(살피재),장암,25,13:3:20,13:3:45
숭실대입구(살피재),도봉산,21,13:9:20,13:9:41
숭실대입구(살피재),도봉산,21,13:15:20,13:14:59
숭실대입구(살피재),장암,13,13:21:20,13:21:33
숭실대입구(살피재),도봉산,0,13:27:20,13:27:20
숭실대입구(살피재),도봉산,4,13:33:20,13:33:24
숭실대입구(살피재),장암,24,13:39:20,13:38:56
숭실대입구(살피재),도봉산,5,13:45:20,13:45:25
숭실대입구(살피재),도봉산,4,13:51:20,13:51:16
숭실대입구(살피재),장암,12,13:57:20,13:57:32
숭실대입구(살피재),도봉산,16,14:3:20,14:3:4
숭실대입구(살피재),도봉산,19,14:9:20,14:9:39
숭실대입구(살피재),장암,3,14:15:20,14:15:23
숭실대입구(살피재),도봉산,35,14:21:20,14:21:55
숭실대입구(살피재),도봉산,1,14:27:20,14:27:19
숭실대입구(살피재),장암,10,14:33:20,14:33:30
숭실대입구(살피재),도봉산,19,14:39:20,14:39:39
숭실대입구(살피재),도봉산,30,14:45:20,14:45:50
숭실대입구(살피재),장암,10,14:51:20,14:51:10
숭실대입구(살피재),도봉산,20,14:57:20,14:57:40
숭실대입구(살피재),도봉산,4,15:3:20,15:3:16
숭실대입구(살피재),장암,28,15:9:20,15:9:48
숭실대입구(살피재),도봉산,0,15:15:20,15:15:20
숭실대입구(살피재),도봉산,13,15:21:20,15:21:33
숭실대입구(살피재),장암,12,15:27:20,15:27:8
숭실대입구(살피재),도봉산,26,15:33:20,15:33:46
숭실대입구(살피재),도봉산,5,15:39:20,15:39:15
숭실대입구(살피재),장암,15,15:45:20,15:45:35
숭실대입구(살피재),도봉산,30,15:51:20,15:51:50
숭실대입구(살피재),도봉산,61,15:57:20,15:58:21
숭실대입구(살피재),장암,1,16:3:20,16:3:21
숭실대입구(살피재),도봉산,60,16:9:20,16:10:20
숭실대입구(살피재),장암,4,16:15:20,16:15:24
숭실대입구(살피재),도봉산,8,16:21:20,16:21:28
숭실대입구(살피재),장암,2,16:27:20,16:27:18
숭실대입구(살피재),도봉산,47,16:33:20,16:34:7
숭실대입구(살피재),장암,19,16:39:20,16:39:39
숭실대입구(살피재),도봉산,17,16:45:20,16:45:3
숭실대입구(살피재),도봉산,11,16:51:20,16:51:9
숭실대입구(살피재),장암,36,16:57:20,16:57:56
숭실대입구(살피재),도봉산,27,17:3:20,17:2:53
숭실대입구(살피재),장암,18,17:9:20,17:9:38
숭실대입구(살피재),도봉산,0,17:15:20,17:15:20
숭실대입구(살피재),장암,127,17:21:20,17:23:27
숭실대입구(살피재),도봉산,22,17:26:20,17:26:42
숭실대입구(살피재),장암,28,17:31:20,17:31:48
숭실대입구(살피재),도봉산,15,17:35:20,17:35:35
숭실대입구(살피재),장암,33,17:39:20,17:39:53
숭실대입구(살피재),도봉산,15,17:43:20,17:43:35
숭실대입구(살피재),장암,30,17:47:20,17:47:50
숭실대입구(살피재),도봉산,33,17:51:20,17:51:53
숭실대입구(살피재),장암,47,17:55:20,17:56:7
숭실대입구(살피재),도봉산,14,17:59:20,17:59:34
숭실대입구(살피재),도봉산,19,18:3:20,18:3:1
숭실대입구(살피재),장암,81,18:7:20,18:8:41
숭실대입구(살피재),도봉산,12,18:11:20,18:11:32
숭실대입구(살피재),도봉산,40,18:15:20,18:16:0
숭실대입구(살피재),장암,40,18:18:50,18:19:30
숭실대입구(살피재),도봉산,4,18:22:20,18:22:24
숭실대입구(살피재),도봉산,66,18:25:50,18:26:56
숭실대입구(살피재),장암,55,18:29:20,18:30:15
숭실대입구(살피재),도봉산,39,18:32:50,18:33:29
숭실대입구(살피재),도봉산,88,18:36:20,18:37:48
숭실대입구(살피재),도봉산,55,18:39:50,18:40:45
숭실대입구(살피재),장암,64,18:43:20,18:44:24
숭실대입구(살피재),도봉산,67,18:46:50,18:47:57
숭실대입구(살피재),도봉산,36,18:50:20,18:50:56
숭실대입구(살피재),장암,30,18:53:50,18:54:20
숭실대입구(살피재),도봉산,104,18:57:20,18:59:4
숭실대입구(살피재),도봉산,99,19:0:50,19:2:29
숭실대입구(살피재),도봉산,83,19:4:20,19:5:43
숭실대입구(살피재),장암,89,19:7:50,19:9:19
숭실대입구(살피재),도봉산,65,19:11:20,19:12:25
숭실대입구(살피재),도봉산,64,19:15:20,19:16:24
숭실대입구(살피재),장암,131,19:19:20,19:21:31
숭실대입구(살피재),도봉산,73,19:23:20,19:24:33
숭실대입구(살피재),도봉산,137,19:27:20,19:29:37
숭실대입구(살피재),장암,133,19:31:20,19:33:33
숭실대입구(살피재),도봉산,132,19:35:20,19:37:32
숭실대입구(살피재),도봉산,136,19:39:20,19:41:36
숭실대입구(살피재),도봉산,66,19:44:20,19:45:26
숭실대입구(살피재),장암,103,19:49:20,19:51:3
숭실대입구(살피재),도봉산,127,19:55:20,19:57:27
숭실대입구(살피재),도봉산,1,20:1:20,20:1:21
숭실대입구(살피재),장암,62,20:7:20,20:8:22
숭실대입구(살피재),도봉산,99,20:13:20,20:14:59
숭실대입구(살피재),도봉산,71,20:19:20,20:20:31
숭실대입구(살피재),장암,68,20:25:20,20:26:28
숭실대입구(살피재),도봉산,15,20:31:20,20:31:5
숭실대입구(살피재),도봉산,25,20:37:20,20:37:45
숭실대입구(살피재),장암,9,20:43:20,20:43:11
숭실대입구(살피재),도봉산,44,20:49:20,20:50:4
숭실대입구(살피재),도봉산,37,20:55:20,20:55:57
숭실대입구(살피재),장암,34,21:1:20,21:1:54
숭실대입구(살피재),도봉산,10,21:7:20,21:7:30
숭실대입구(살피재),도봉산,6,21:13:20,21:13:26
숭실대입구(살피재),장암,12,21:19:20,21:19:8
숭실대입구(살피재),도봉산,27,21:25:20,21:25:47
숭실대입구(살피재),도봉산,1,21:31:20,21:31:19
숭실대입구(살피재),장암,18,21:37:20,21:37:38
숭실대입구(살피재),도봉산,9,21:43:20,21:43:11
숭실대입구(살피재),도봉산,4,21:49:20,21:49:24
숭실대입구(살피재),장암,7,21:55:20,21:55:13
숭실대입구(살피재),도봉산,5,22:1:20,22:1:25
숭실대입구(살피재),장암,20,22:8:20,22:8:0
숭실대입구(살피재),도봉산,1,22:15:20,22:15:19
숭실대입구(살피재),장암,15,22:22:20,22:22:5
숭실대입구(살피재),도봉산,40,22:29:20,22:30:0
숭실대입구(살피재),장암,70,22:36:20,22:37:30
숭실대입구(살피재),도봉산,10,22:43:20,22:43:10
숭실대입구(살피재),장암,21,22:50:20,22:50:41
숭실대입구(살피재),도봉산,26,22:58:20,22:58:46
숭실대입구(살피재),도봉산,9,23:6:20,23:6:29
숭실대입구(살피재),장암,23,23:15:20,23:15:43
숭실대입구(살피재),도봉산,6,23:25:20,23:25:26
숭실대입구(살피재),도봉산,42,23:35:20,23:36:2
숭실대입구(살피재),장암,29,23:46:20,23:46:49
숭실대입구(살피재),청담,21,23:54:20,23:54:41
숭실대입구(살피재),도봉산,28792,24:2:30,16:2:38
숭실대입구(살피재),태릉입구,21615,24:16:30,18:16:15
숭실대입구(살피재),건대입구,21592,24:32:30,18:32:38
숭실대입구(살피재),내방,23514,24:51:30,18:19:36
