공릉(서울산업대입구),장암,39,5:31:0,5:31:39
공릉(서울산업대입구),장암,30,5:49:10,5:49:40
공릉(서울산업대입구),장암,14,6:3:10,6:3:24
공릉(서울산업대입구),장암,16,6:15:20,6:15:36
공릉(서울산업대입구),장암,7,6:27:50,6:27:43
공릉(서울산업대입구),장암,70,6:39:10,6:40:20
공릉(서울산업대입구),장암,17,6:49:10,6:49:27
공릉(서울산업대입구),도봉산,0,6:57:10,6:57:10
공릉(서울산업대입구),장암,54,7:5:10,7:6:4
공릉(서울산업대입구),도봉산,11,7:12:10,7:12:21
공릉(서울산업대입구),장암,42,7:19:10,7:19:52
공릉(서울산업대입구),도봉산,48,7:25:10,7:25:58
공릉(서울산업대입구),장암,26,7:31:10,7:31:36
공릉(서울산업대입구),도봉산,115,7:37:10,7:39:5
공릉(서울산업대입구),장암,17,7:43:10,7:43:27
공릉(서울산업대입구),도봉산,68,7:48:10,7:49:18
공릉(서울산업대입구),장암,101,7:53:10,7:54:51
공릉(서울산업대입구),도봉산,84,7:58:10,7:59:34
공릉(서울산업대입구),장암,65,8:3:10,8:4:15
공릉(서울산업대입구),도봉산,1,8:8:10,8:8:11
공릉(서울산업대입구),장암,43,8:12:10,8:12:53
공릉(서울산업대입구),도봉산,52,8:16:10,8:17:2
공릉(서울산업대입구),장암,75,8:20:10,8:21:25
공릉(서울산업대입구),도봉산,37,8:24:10,8:24:47
공릉(서울산업대입구),장암,60,8:28:10,8:29:10
공릉(서울산업대입구),도봉산,68,8:32:10,8:33:18
공릉(서울산업대입구),장암,168,8:36:10,8:38:58
공릉(서울산업대입구),도봉산,115,8:40:10,8:42:5
공릉(서울산업대입구),장암,128,8:44:10,8:46:18
공릉(서울산업대입구),도봉산,167,8:48:10,8:50:57
공릉(서울산업대입구),장암,75,8:51:40,8:52:55
공릉(서울산업대입구),도봉산,107,8:55:10,8:56:57
공릉(서울산업대입구),도봉산,180,8:58:10,9:1:10
공릉(서울산업대입구),도봉산,159,9:1:10,9:3:49
공릉(서울산업대입구),장암,155,9:4:10,9:6:45
공릉(서울산업대입구),도봉산,195,9:7:10,9:10:25
공릉(서울산업대입구),도봉산,246,9:10:10,9:14:16
공릉(서울산업대입구),도봉산,282,9:13:10,9:17:52
공릉(서울산업대입구),장암,216,9:16:10,9:19:46
공릉(서울산업대입구),도봉산,280,9:19:10,9:23:50
공릉(서울산업대입구),도봉산,182,9:22:10,9:25:12
공릉(서울산업대입구),수락산,181,9:25:10,9:28:11
공릉(서울산업대입구),장암,180,9:28:10,9:31:10
공릉(서울산업대입구),도봉산,186,9:31:10,9:34:16
공릉(서울산업대입구),도봉산,146,9:34:10,9:36:36
공릉(서울산업대입구),도봉산,141,9:37:10,9:39:31
공릉(서울산업대입구),장암,128,9:40:10,9:42:18
공릉(서울산업대입구),도봉산,146,9:43:10,9:45:36
공릉(서울산업대입구),도봉산,150,9:46:40,9:49:10
공릉(서울산업대입구),도봉산,154,9:50:10,9:52:44
공릉(서울산업대입구),장암,122,9:54:10,9:56:12
공릉(서울산업대입구),도봉산,102,9:58:10,9:59:52
공릉(서울산업대입구),도봉산,78,10:2:10,10:3:28
공릉(서울산업대입구),장암,92,10:6:10,10:7:42
공릉(서울산업대입구),도봉산,90,10:10:10,10:11:40
공릉(서울산업대입구),도봉산,157,10:14:10,10:16:47
공릉(서울산업대입구),장암,155,10:18:10,10:20:45
공릉(서울산업대입구),도봉산,144,10:22:10,10:24:34
공릉(서울산업대입구),도봉산,116,10:26:10,10:28:6
공릉(서울산업대입구),도봉산,142,10:30:10,10:32:32
공릉(서울산업대입구),장암,141,10:35:10,10:37:31
공릉(서울산업대입구),도봉산,156,10:41:10,10:43:46
공릉(서울산업대입구),장암,145,10:47:10,10:49:35
공릉(서울산업대입구),도봉산,128,10:53:10,10:55:18
공릉(서울산업대입구),도봉산,60,10:59:10,11:0:10
공릉(서울산업대입구),장암,71,11:5:10,11:6:21
공릉(서울산업대입구),도봉산,137,11:11:10,11:13:27
공릉(서울산업대입구),도봉산,40,11:17:10,11:17:50
공릉(서울산업대입구),장암,105,11:23:10,11:24:55
공릉(서울산업대입구),도봉산,88,11:29:10,11:30:38
공릉(서울산업대입구),도봉산,34,11:35:10,11:35:44
공릉(서울산업대입구),장암,138,11:41:10,11:43:28
공릉(서울산업대입구),도봉산,64,11:47:10,11:48:14
공릉(서울산업대입구),도봉산,63,11:53:10,11:54:13
공릉(서울산업대입구),장암,121,11:59:10,12:1:11
공릉(서울산업대입구),도봉산,66,12:5:10,12:6:16
공릉(서울산업대입구),장암,50,12:11:10,12:12:0
공릉(서울산업대입구),도봉산,40,12:17:10,12:17:50
공릉(서울산업대입구),도봉산,84,12:23:10,12:24:34
공릉(서울산업대입구),장암,63,12:29:10,12:30:13
공릉(서울산업대입구),도봉산,47,12:35:10,12:35:57
공릉(서울산업대입구),장암,68,12:41:10,12:42:18
공릉(서울산업대입구),도봉산,82,12:47:10,12:48:32
공릉(서울산업대입구),장암,75,12:53:10,12:54:25
공릉(서울산업대입구),도봉산,47,12:59:10,12:59:57
공릉(서울산업대입구),도봉산,108,13:5:10,13:6:58
공릉(서울산업대입구),장암,89,13:11:10,13:12:39
공릉(서울산업대입구),도봉산,113,13:17:10,13:19:3
공릉(서울산업대입구),도봉산,31,13:23:10,13:23:41
공릉(서울산업대입구),장암,31,13:29:10,13:29:41
공릉(서울산업대입구),도봉산,70,13:35:10,13:36:20
공릉(서울산업대입구),도봉산,85,13:41:10,13:42:35
공릉(서울산업대입구),장암,43,13:47:10,13:47:53
공릉(서울산업대입구),도봉산,77,13:53:10,13:54:27
공릉(서울산업대입구),도봉산,38,13:59:10,13:59:48
공릉(서울산업대입구),장암,101,14:5:10,14:6:51
공릉(서울산업대입구),도봉산,46,14:11:10,14:11:56
공릉(서울산업대입구),도봉산,87,14:17:10,14:18:37
공릉(서울산업대입구),장암,43,14:23:10,14:23:53
공릉(서울산업대입구),도봉산,53,14:29:10,14:30:3
공릉(서울산업대입구),도봉산,36,14:35:10,14:35:46
공릉(서울산업대입구),장암,95,14:41:10,14:42:45
공릉(서울산업대입구),도봉산,38,14:47:10,14:47:48
공릉(서울산업대입구),도봉산,38,14:53:10,14:53:48
공릉(서울산업대입구),장암,77,14:59:10,15:0:27
공릉(서울산업대입구),도봉산,131,15:5:10,15:7:21
공릉(서울산업대입구),도봉산,50,15:11:10,15:12:0
공릉(서울산업대입구),장암,114,15:17:10,15:19:4
공릉(서울산업대입구),도봉산,71,15:23:10,15:24:21
공릉(서울산업대입구),도봉산,78,15:29:10,15:30:28
공릉(서울산업대입구),장암,57,15:35:10,15:36:7
공릉(서울산업대입구),도봉산,141,15:41:10,15:43:31
공릉(서울산업대입구),도봉산,55,15:47:10,15:48:5
공릉(서울산업대입구),장암,38,15:53:10,15:53:48
공릉(서울산업대입구),도봉산,70,15:59:10,16:0:20
공릉(서울산업대입구),도봉산,146,16:5:10,16:7:36
공릉(서울산업대입구),장암,120,16:11:10,16:13:10
공릉(서울산업대입구),도봉산,79,16:17:10,16:18:29
공릉(서울산업대입구),도봉산,80,16:23:10,16:24:30
공릉(서울산업대입구),장암,85,16:29:10,16:30:35
공릉(서울산업대입구),도봉산,85,16:35:10,16:36:35
공릉(서울산업대입구),도봉산,136,16:41:10,16:43:26
공릉(서울산업대입구),장암,84,16:47:10,16:48:34
공릉(서울산업대입구),도봉산,165,16:53:10,16:55:55
공릉(서울산업대입구),장암,71,16:59:10,17:0:21
공릉(서울산업대입구),도봉산,114,17:5:10,17:7:4
공릉(서울산업대입구),장암,105,17:11:10,17:12:55
공릉(서울산업대입구),도봉산,99,17:17:10,17:18:49
공릉(서울산업대입구),장암,70,17:23:10,17:24:20
공릉(서울산업대입구),도봉산,65,17:29:10,17:30:15
공릉(서울산업대입구),도봉산,73,17:35:10,17:36:23
공릉(서울산업대입구),장암,171,17:41:10,17:44:1
공릉(서울산업대입구),도봉산,61,17:47:10,17:48:11
공릉(서울산업대입구),장암,223,17:53:10,17:56:53
공릉(서울산업대입구),도봉산,127,17:59:10,18:1:17
공릉(서울산업대입구),장암,86,18:5:10,18:6:36
공릉(서울산업대입구),도봉산,120,18:10:10,18:12:10
공릉(서울산업대입구),장암,143,18:15:10,18:17:33
공릉(서울산업대입구),도봉산,48,18:20:0,18:20:48
공릉(서울산업대입구),장암,151,18:24:0,18:26:31
공릉(서울산업대입구),도봉산,159,18:28:0,18:30:39
공릉(서울산업대입구),장암,121,18:32:0,18:34:1
공릉(서울산업대입구),도봉산,162,18:36:0,18:38:42
공릉(서울산업대입구),장암,138,18:40:0,18:42:18
공릉(서울산업대입구),도봉산,163,18:44:0,18:46:43
공릉(서울산업대입구),도봉산,147,18:48:0,18:50:27
공릉(서울산업대입구),장암,201,18:52:0,18:55:21
공릉(서울산업대입구),도봉산,181,18:56:0,18:59:1
공릉(서울산업대입구),도봉산,196,19:0:0,19:3:16
공릉(서울산업대입구),장암,148,19:3:30,19:5:58
공릉(서울산업대입구),도봉산,174,19:7:0,19:9:54
공릉(서울산업대입구),도봉산,260,19:10:30,19:14:50
공릉(서울산업대입구),장암,219,19:14:0,19:17:39
공릉(서울산업대입구),도봉산,208,19:17:30,19:20:58
공릉(서울산업대입구),도봉산,163,19:21:0,19:23:43
공릉(서울산업대입구),도봉산,155,19:24:30,19:27:5
공릉(서울산업대입구),장암,148,19:28:0,19:30:28
공릉(서울산업대입구),도봉산,184,19:31:30,19:34:34
공릉(서울산업대입구),도봉산,123,19:35:0,19:37:3
공릉(서울산업대입구),장암,128,19:38:30,19:40:38
공릉(서울산업대입구),도봉산,129,19:42:0,19:44:9
공릉(서울산업대입구),도봉산,145,19:45:30,19:47:55
공릉(서울산업대입구),도봉산,153,19:49:0,19:51:33
공릉(서울산업대입구),장암,125,19:52:30,19:54:35
공릉(서울산업대입구),도봉산,115,19:56:0,19:57:55
공릉(서울산업대입구),도봉산,147,20:0:0,20:2:27
공릉(서울산업대입구),장암,202,20:4:0,20:7:22
공릉(서울산업대입구),도봉산,175,20:8:0,20:10:55
공릉(서울산업대입구),도봉산,193,20:12:0,20:15:13
공릉(서울산업대입구),장암,224,20:16:0,20:19:44
공릉(서울산업대입구),도봉산,176,20:20:0,20:22:56
공릉(서울산업대입구),도봉산,193,20:24:0,20:27:13
공릉(서울산업대입구),도봉산,138,20:28:10,20:30:28
공릉(서울산업대입구),장암,195,20:33:10,20:36:25
공릉(서울산업대입구),도봉산,139,20:39:10,20:41:29
공릉(서울산업대입구),도봉산,94,20:45:10,20:46:44
공릉(서울산업대입구),장암,146,20:51:10,20:53:36
공릉(서울산업대입구),도봉산,155,20:57:10,20:59:45
공릉(서울산업대입구),도봉산,97,21:3:10,21:4:47
공릉(서울산업대입구),장암,48,21:9:10,21:9:58
공릉(서울산업대입구),도봉산,68,21:15:10,21:16:18
공릉(서울산업대입구),도봉산,71,21:21:10,21:22:21
공릉(서울산업대입구),장암,50,21:27:10,21:28:0
공릉(서울산업대입구),도봉산,96,21:33:10,21:34:46
공릉(서울산업대입구),도봉산,114,21:39:10,21:41:4
공릉(서울산업대입구),장암,139,21:45:10,21:47:29
공릉(서울산업대입구),도봉산,83,21:51:10,21:52:33
공릉(서울산업대입구),도봉산,142,21:57:10,21:59:32
공릉(서울산업대입구),장암,72,22:3:10,22:4:22
공릉(서울산업대입구),도봉산,90,22:9:10,22:10:40
공릉(서울산업대입구),도봉산,16,22:15:10,22:15:26
공릉(서울산업대입구),장암,139,22:21:10,22:23:29
공릉(서울산업대입구),도봉산,68,22:27:10,22:28:18
공릉(서울산업대입구),도봉산,89,22:33:10,22:34:39
공릉(서울산업대입구),장암,81,22:39:10,22:40:31
공릉(서울산업대입구),도봉산,91,22:45:10,22:46:41
공릉(서울산업대입구),장암,80,22:52:10,22:53:30
공릉(서울산업대입구),도봉산,56,22:59:10,23:0:6
공릉(서울산업대입구),장암,91,23:6:10,23:7:41
공릉(서울산업대입구),도봉산,121,23:13:10,23:15:11
공릉(서울산업대입구),장암,126,23:20:10,23:22:16
공릉(서울산업대입구),도봉산,60,23:27:10,23:28:10
공릉(서울산업대입구),장암,95,23:34:10,23:35:45
공릉(서울산업대입구),도봉산,82,23:42:10,23:43:32
공릉(서울산업대입구),도봉산,77,23:50:10,23:51:27
공릉(서울산업대입구),장암,133,23:59:10,24:1:23
공릉(서울산업대입구),도봉산,10760,24:9:10,21:9:50
공릉(서울산업대입구),도봉산,9517,24:19:10,21:40:33
공릉(서울산업대입구),장암,14317,24:30:10,20:31:33
공릉(서울산업대입구),도봉산,14298,24:46:10,20:47:52
