∫¿¿∫ªÁ,∞≥»≠,10,5:34:35,5:34:25
∫¿¿∫ªÁ,∞≥»≠,5,5:49:50,5:49:45
∫¿¿∫ªÁ,∞≥»≠,6,6:2:50,6:2:56
∫¿¿∫ªÁ,∞≥»≠,31,6:15:50,6:16:21
∫¿¿∫ªÁ,∞≥»≠,15,6:28:50,6:29:5
∫¿¿∫ªÁ,∞≥»≠,55,6:40:50,6:41:45
∫¿¿∫ªÁ,∞≥»≠,44,6:52:50,6:53:34
∫¿¿∫ªÁ,∞≥»≠,31,7:4:50,7:5:21
∫¿¿∫ªÁ,∞≥»≠,8,7:16:50,7:16:42
∫¿¿∫ªÁ,∞≥»≠,0,7:28:50,7:28:50
∫¿¿∫ªÁ,∞≥»≠,32,7:38:10,7:37:38
∫¿¿∫ªÁ,∞≥»≠,3,7:49:15,7:49:12
∫¿¿∫ªÁ,∞≥»≠,4,8:1:15,8:1:11
∫¿¿∫ªÁ,∞≥»≠,30,8:13:15,8:12:45
∫¿¿∫ªÁ,∞≥»≠,39,8:25:15,8:25:54
∫¿¿∫ªÁ,∞≥»≠,10,8:37:15,8:37:25
∫¿¿∫ªÁ,∞≥»≠,28,8:49:15,8:48:47
∫¿¿∫ªÁ,∞≥»≠,5,9:1:15,9:1:10
∫¿¿∫ªÁ,∞≥»≠,1,9:13:15,9:13:16
∫¿¿∫ªÁ,∞≥»≠,4,9:25:15,9:25:19
∫¿¿∫ªÁ,∞≥»≠,24,9:37:15,9:37:39
∫¿¿∫ªÁ,∞≥»≠,7,9:49:15,9:49:22
∫¿¿∫ªÁ,∞≥»≠,21,10:1:15,10:1:36
∫¿¿∫ªÁ,∞≥»≠,35,10:12:50,10:13:25
∫¿¿∫ªÁ,∞≥»≠,16,10:23:50,10:24:6
∫¿¿∫ªÁ,∞≥»≠,35,10:34:50,10:35:25
∫¿¿∫ªÁ,∞≥»≠,43,10:45:50,10:46:33
∫¿¿∫ªÁ,∞≥»≠,74,10:56:50,10:58:4
∫¿¿∫ªÁ,∞≥»≠,17,11:7:50,11:8:7
∫¿¿∫ªÁ,∞≥»≠,26,11:18:50,11:19:16
∫¿¿∫ªÁ,∞≥»≠,41,11:29:50,11:30:31
∫¿¿∫ªÁ,∞≥»≠,57,11:40:50,11:41:47
∫¿¿∫ªÁ,∞≥»≠,48,11:51:50,11:52:38
∫¿¿∫ªÁ,∞≥»≠,30,12:3:20,12:3:50
∫¿¿∫ªÁ,∞≥»≠,16,12:15:20,12:15:4
∫¿¿∫ªÁ,∞≥»≠,102,12:26:55,12:28:37
∫¿¿∫ªÁ,∞≥»≠,34,12:37:55,12:38:29
∫¿¿∫ªÁ,∞≥»≠,28,12:48:55,12:49:23
∫¿¿∫ªÁ,∞≥»≠,31,12:59:55,13:0:26
∫¿¿∫ªÁ,∞≥»≠,47,13:10:55,13:11:42
∫¿¿∫ªÁ,∞≥»≠,73,13:21:55,13:23:8
∫¿¿∫ªÁ,∞≥»≠,61,13:32:55,13:33:56
∫¿¿∫ªÁ,∞≥»≠,83,13:43:55,13:45:18
∫¿¿∫ªÁ,∞≥»≠,49,13:54:55,13:55:44
∫¿¿∫ªÁ,∞≥»≠,16,14:5:55,14:6:11
∫¿¿∫ªÁ,∞≥»≠,16,14:17:25,14:17:9
∫¿¿∫ªÁ,∞≥»≠,9,14:29:25,14:29:16
∫¿¿∫ªÁ,∞≥»≠,11,14:41:0,14:41:11
∫¿¿∫ªÁ,∞≥»≠,9,14:52:0,14:52:9
∫¿¿∫ªÁ,∞≥»≠,23,15:3:0,15:3:23
∫¿¿∫ªÁ,∞≥»≠,44,15:14:0,15:14:44
∫¿¿∫ªÁ,∞≥»≠,24,15:25:0,15:25:24
∫¿¿∫ªÁ,∞≥»≠,42,15:36:0,15:36:42
∫¿¿∫ªÁ,∞≥»≠,39,15:47:0,15:47:39
∫¿¿∫ªÁ,∞≥»≠,8,15:58:0,15:58:8
∫¿¿∫ªÁ,∞≥»≠,38,16:9:0,16:9:38
∫¿¿∫ªÁ,∞≥»≠,50,16:20:0,16:20:50
∫¿¿∫ªÁ,∞≥»≠,10,16:31:50,16:32:0
∫¿¿∫ªÁ,∞≥»≠,5,16:43:50,16:43:55
∫¿¿∫ªÁ,∞≥»≠,9,16:55:25,16:55:34
∫¿¿∫ªÁ,∞≥»≠,3,17:6:25,17:6:22
∫¿¿∫ªÁ,∞≥»≠,5,17:17:25,17:17:30
∫¿¿∫ªÁ,∞≥»≠,16,17:28:25,17:28:41
∫¿¿∫ªÁ,∞≥»≠,26,17:39:25,17:38:59
∫¿¿∫ªÁ,∞≥»≠,7,17:50:25,17:50:32
∫¿¿∫ªÁ,∞≥»≠,12,18:1:25,18:1:13
∫¿¿∫ªÁ,∞≥»≠,4,18:12:25,18:12:21
∫¿¿∫ªÁ,∞≥»≠,32,18:23:25,18:23:57
∫¿¿∫ªÁ,∞≥»≠,13,18:34:0,18:34:13
∫¿¿∫ªÁ,∞≥»≠,25,18:45:50,18:45:25
∫¿¿∫ªÁ,∞≥»≠,46,18:57:50,18:57:4
∫¿¿∫ªÁ,∞≥»≠,9,19:9:25,19:9:34
∫¿¿∫ªÁ,∞≥»≠,20,19:20:25,19:20:5
∫¿¿∫ªÁ,∞≥»≠,10,19:31:25,19:31:35
∫¿¿∫ªÁ,∞≥»≠,2,19:42:25,19:42:23
∫¿¿∫ªÁ,∞≥»≠,7,19:53:25,19:53:18
∫¿¿∫ªÁ,∞≥»≠,12,20:4:25,20:4:13
∫¿¿∫ªÁ,∞≥»≠,7,20:15:25,20:15:32
∫¿¿∫ªÁ,∞≥»≠,11,20:26:25,20:26:14
∫¿¿∫ªÁ,∞≥»≠,22,20:37:25,20:37:47
∫¿¿∫ªÁ,∞≥»≠,32,20:48:25,20:48:57
∫¿¿∫ªÁ,∞≥»≠,21,20:59:45,20:59:24
∫¿¿∫ªÁ,∞≥»≠,5,21:11:45,21:11:40
∫¿¿∫ªÁ,∞≥»≠,7,21:23:45,21:23:38
∫¿¿∫ªÁ,∞≥»≠,2,21:35:45,21:35:43
∫¿¿∫ªÁ,∞≥»≠,4,21:47:45,21:47:41
∫¿¿∫ªÁ,∞≥»≠,6,21:59:45,21:59:39
∫¿¿∫ªÁ,∞≥»≠,17,22:11:45,22:11:28
∫¿¿∫ªÁ,∞≥»≠,40,22:23:45,22:23:5
∫¿¿∫ªÁ,∞≥»≠,12,22:36:15,22:36:3
∫¿¿∫ªÁ,∞≥»≠,14,22:48:45,22:48:59
∫¿¿∫ªÁ,∞≥»≠,12,23:0:45,23:0:33
∫¿¿∫ªÁ,∏∂∞Ó≥™∑Á,52,23:11:55,23:12:47
∫¿¿∫ªÁ,ø∞√¢,72,23:23:55,23:25:7
∫¿¿∫ªÁ,ø©¿«µµ,51,23:35:55,23:36:46
∫¿¿∫ªÁ,µø¿€,18,23:45:50,23:46:8
∫¿¿∫ªÁ,Ω≈≥Ì«ˆ,6,23:57:50,23:57:56
