Ç³»ê,¹®»ê,6409,5:51:10,7:37:59
Ç³»ê,¹®»ê,873,6:0:10,6:14:43
Ç³»ê,¹®»ê,6898,6:21:10,8:16:8
Ç³»ê,¹®»ê,6796,6:38:10,8:31:26
Ç³»ê,¹®»ê,7110,6:51:10,8:49:40
Ç³»ê,¹®»ê,6807,7:6:10,8:59:37
Ç³»ê,¹®»ê,327,7:16:10,7:21:37
Ç³»ê,¹®»ê,7083,7:22:10,9:20:13
Ç³»ê,¹®»ê,6515,7:44:10,9:32:45
Ç³»ê,¹®»ê,6749,7:54:10,9:46:39
Ç³»ê,¹®»ê,6399,8:11:10,9:57:49
Ç³»ê,¹®»ê,6550,8:21:10,10:10:20
Ç³»ê,¹®»ê,6556,8:29:10,10:18:26
Ç³»ê,¹®»ê,6229,8:45:10,10:28:59
Ç³»ê,¹®»ê,6453,8:54:10,10:41:43
Ç³»ê,¹®»ê,5953,9:16:10,10:55:23
Ç³»ê,¹®»ê,6324,9:32:10,11:17:34
Ç³»ê,¹®»ê,7199,9:40:10,11:40:9
Ç³»ê,¹®»ê,6609,9:57:10,11:47:19
Ç³»ê,¹®»ê,6753,10:9:10,12:1:43
Ç³»ê,¹®»ê,7009,10:30:10,12:26:59
Ç³»ê,¹®»ê,6997,10:37:10,12:33:47
Ç³»ê,¹®»ê,6750,10:54:10,12:46:40
Ç³»ê,¹®»ê,6720,11:8:10,13:0:10
Ç³»ê,¹®»ê,6991,11:25:10,13:21:41
Ç³»ê,¹®»ê,6549,11:40:10,13:29:19
Ç³»ê,¹®»ê,6765,11:55:10,13:47:55
Ç³»ê,¹®»ê,7245,12:7:10,14:7:55
Ç³»ê,¹®»ê,6782,12:28:10,14:21:12
Ç³»ê,¹®»ê,7126,12:38:10,14:36:56
Ç³»ê,¹®»ê,6683,12:57:10,14:48:33
Ç³»ê,¹®»ê,6640,13:8:10,14:58:50
Ç³»ê,¹®»ê,7054,13:22:10,15:19:44
Ç³»ê,¹®»ê,6500,13:41:10,15:29:30
Ç³»ê,¹®»ê,6633,13:54:10,15:44:43
Ç³»ê,¹®»ê,6256,14:10:10,15:54:26
Ç³»ê,¹®»ê,6901,14:23:10,16:18:11
Ç³»ê,¹®»ê,6590,14:39:10,16:29:0
Ç³»ê,¹®»ê,6817,14:52:10,16:45:47
Ç³»ê,¹®»ê,6399,15:13:10,16:59:49
Ç³»ê,¹®»ê,7005,15:25:10,17:21:55
Ç³»ê,¹®»ê,6671,15:39:10,17:30:21
Ç³»ê,¹®»ê,6716,15:56:10,17:48:6
Ç³»ê,¹®»ê,7040,16:7:10,18:4:30
Ç³»ê,¹®»ê,6770,16:21:10,18:14:0
Ç³»ê,¹®»ê,7352,16:36:10,18:38:42
Ç³»ê,¹®»ê,7211,16:58:10,18:58:21
Ç³»ê,¹®»ê,7070,17:7:10,19:5:0
Ç³»ê,¹®»ê,6975,17:24:10,19:20:25
Ç³»ê,¹®»ê,6943,17:37:10,19:32:53
Ç³»ê,¹®»ê,6601,17:50:10,19:40:11
Ç³»ê,¹®»ê,6212,18:4:10,19:47:42
Ç³»ê,¹®»ê,6844,18:11:10,20:5:14
Ç³»ê,¹®»ê,6088,18:30:10,20:11:38
Ç³»ê,¹®»ê,6837,18:41:10,20:35:7
Ç³»ê,¹®»ê,6711,18:55:10,20:47:1
Ç³»ê,¹®»ê,6375,19:7:10,20:53:25
Ç³»ê,¹®»ê,6553,19:31:10,21:20:23
Ç³»ê,¹®»ê,6475,19:42:10,21:30:5
Ç³»ê,¹®»ê,6412,19:58:10,21:45:2
Ç³»ê,¹®»ê,6169,20:11:10,21:53:59
Ç³»ê,¹®»ê,6466,20:29:10,22:16:56
Ç³»ê,¹®»ê,6855,20:51:10,22:45:25
Ç³»ê,¹®»ê,6562,21:9:10,22:58:32
Ç³»ê,¹®»ê,6697,21:40:10,23:31:47
Ç³»ê,¹®»ê,6959,21:58:10,23:54:9
Ç³»ê,¹®»ê,21642,22:21:10,16:20:28
Ç³»ê,¹®»ê,311,22:46:10,22:51:21
Ç³»ê,¹®»ê,28148,23:55:10,16:6:2
