6002,¿Õ½Ê¸®,18195
6004,¿Õ½Ê¸®,19061
6006,¿Õ½Ê¸®,19983
6008,¿Õ½Ê¸®,20566
6010,¿Õ½Ê¸®,21192
6012,¿Õ½Ê¸®,21785
6014,¿Õ½Ê¸®,22396
6016,¿Õ½Ê¸®,22997
6018,¿Õ½Ê¸®,23649
6020,¿Õ½Ê¸®,24063
6022,¿Õ½Ê¸®,24553
6024,¿Õ½Ê¸®,25002
6026,¿Õ½Ê¸®,25500
6028,¿Õ½Ê¸®,26032
6030,¿Õ½Ê¸®,26522
6032,¿Õ½Ê¸®,27019
6034,¿Õ½Ê¸®,27501
6036,¿Õ½Ê¸®,27988
6038,¿Õ½Ê¸®,28478
6040,¿Õ½Ê¸®,28934
6042,¿Õ½Ê¸®,29445
6044,¿Õ½Ê¸®,29909
6046,¿Õ½Ê¸®,30428
6048,¿Õ½Ê¸®,30846
6050,¿Õ½Ê¸®,31391
6052,¿Õ½Ê¸®,31835
6054,¿Õ½Ê¸®,32299
6056,¿Õ½Ê¸®,32778
6058,¿Õ½Ê¸®,33182
6060,¿Õ½Ê¸®,33643
6062,¿Õ½Ê¸®,34077
6064,¿Õ½Ê¸®,34492
6066,¿Õ½Ê¸®,34919
6068,¿Õ½Ê¸®,35361
6070,¿Õ½Ê¸®,35757
6072,¿Õ½Ê¸®,36176
6074,¿Õ½Ê¸®,36615
6076,¿Õ½Ê¸®,37015
6078,¿Õ½Ê¸®,37426
6080,¿Õ½Ê¸®,37859
6082,¿Õ½Ê¸®,38245
6084,¿Õ½Ê¸®,38705
6086,¿Õ½Ê¸®,39107
6088,¿Õ½Ê¸®,39675
6090,¿Õ½Ê¸®,39940
6092,¿Õ½Ê¸®,40450
6094,¿Õ½Ê¸®,40806
6096,¿Õ½Ê¸®,41213
6098,¿Õ½Ê¸®,41644
6100,¿Õ½Ê¸®,42067
6102,¿Õ½Ê¸®,42500
6104,¿Õ½Ê¸®,42866
6106,¿Õ½Ê¸®,43322
6108,¿Õ½Ê¸®,43725
6110,¿Õ½Ê¸®,44169
6112,¿Õ½Ê¸®,44587
6114,¿Õ½Ê¸®,44999
6116,¿Õ½Ê¸®,45468
6118,¿Õ½Ê¸®,45843
6120,¿Õ½Ê¸®,46228
6122,¿Õ½Ê¸®,46690
6124,¿Õ½Ê¸®,47124
6126,¿Õ½Ê¸®,47537
6128,¿Õ½Ê¸®,47948
6130,¿Õ½Ê¸®,48355
6132,¿Õ½Ê¸®,48770
6134,¿Õ½Ê¸®,49215
6136,¿Õ½Ê¸®,49571
6138,¿Õ½Ê¸®,50037
6140,¿Õ½Ê¸®,50405
6142,¿Õ½Ê¸®,50889
6144,¿Õ½Ê¸®,51242
6146,¿Õ½Ê¸®,51718
6148,¿Õ½Ê¸®,52113
6150,¿Õ½Ê¸®,52572
6152,¿Õ½Ê¸®,52954
6154,¿Õ½Ê¸®,53404
6156,¿Õ½Ê¸®,53842
6158,¿Õ½Ê¸®,54252
6160,¿Õ½Ê¸®,54621
6162,¿Õ½Ê¸®,55082
6164,¿Õ½Ê¸®,55498
6166,¿Õ½Ê¸®,55925
6168,¿Õ½Ê¸®,56298
6170,¿Õ½Ê¸®,56763
6172,¿Õ½Ê¸®,57237
6174,¿Õ½Ê¸®,57612
6176,¿Õ½Ê¸®,58004
6178,¿Õ½Ê¸®,58441
6180,¿Õ½Ê¸®,58833
6182,¿Õ½Ê¸®,59274
6184,¿Õ½Ê¸®,59658
6186,¿Õ½Ê¸®,60121
6188,¿Õ½Ê¸®,60515
6190,¿Õ½Ê¸®,60957
6192,¿Õ½Ê¸®,61375
6194,¿Õ½Ê¸®,61807
6196,¿Õ½Ê¸®,62192
6198,¿Õ½Ê¸®,62639
6200,¿Õ½Ê¸®,63012
6202,¿Õ½Ê¸®,63483
6204,¿Õ½Ê¸®,63860
6206,¿Õ½Ê¸®,64346
6208,¿Õ½Ê¸®,64779
6210,¿Õ½Ê¸®,65232
6212,¿Õ½Ê¸®,65612
6214,¿Õ½Ê¸®,66056
6216,¿Õ½Ê¸®,66471
6218,¿Õ½Ê¸®,66907
6220,¿Õ½Ê¸®,67331
6222,¿Õ½Ê¸®,67742
6224,¿Õ½Ê¸®,68195
6226,¿Õ½Ê¸®,68708
6228,¿Õ½Ê¸®,69178
6230,¿Õ½Ê¸®,69733
6232,¿Õ½Ê¸®,70231
6234,¿Õ½Ê¸®,70841
6236,¿Õ½Ê¸®,71366
6238,¿Õ½Ê¸®,71873
6240,¿Õ½Ê¸®,72446
6242,¿Õ½Ê¸®,73032
6244,¿Õ½Ê¸®,73684
6246,¿Õ½Ê¸®,74310
6248,¿Õ½Ê¸®,74900
6250,¿Õ½Ê¸®,75521
6252,¿Õ½Ê¸®,76136
6254,¿Õ½Ê¸®,76777
6256,¿Õ½Ê¸®,77297
6258,¿Õ½Ê¸®,77939
6260,¿Õ½Ê¸®,78494
6262,¿Õ½Ê¸®,79303
6264,¿Õ½Ê¸®,79925
6266,¿Õ½Ê¸®,80649
6268,¿Õ½Ê¸®,81505
6270,¿Õ½Ê¸®,82384
6272,¿Õ½Ê¸®,83617
6274,¿Õ½Ê¸®,84859
